909086606588044784184960124453
10100273668035829225600003335
780377181752883590661974810582
494568041197169995755147183629
244954348247407669042882376289
216792957893101560446262431995
472942623669291302155556336226
390372662738527107794383997877
224329045411589657453274564183
428355819385796219790974289159
750311789428016817871327971677
167932348607246487885950970782
838215959287383726109741410735
581287822107583481756524948693
292439708480986262490517465971
819408792291292182500143934353
430745340207220031040995268912
944565969151807061722965172916
303924010793725177354740704492
853913597598419831205782453858
351340726773067792887596094568
723071878886108425047990478591
390717612184642238092371568388
944734628922245324048875927063
143524488792207724906014948362
501834448979121968084424828503
754384644499696135996691652786
297673758432090534172561656808
762607292553205055508095551699
390856421339535327046035169456
771018262827393443282216116901
209050339734915187959154176250
675673482607211509444597095176
935863979785601149055206471825
877351853442528978548704333760
631699809275542755853730833250
798904858414400311321702905239
685426305772477565067995686335
237179845374381424685038564597
720862988686278747472138801721
838771171645145197098906290450
151288744165902685937531541206
616020623437606989864522258430
761086145964846648232225048881
514001805144179241455087344628
896224304380867838115541056846
306728530924733141056575715109
463380259899205183085765475968
832634995130997325515620761012
845909296851501888228611883878
767199614446972996028225660221
514856752373735465891666722181
319704807078429884683609589265
352152730554684217042845309542
93805354903025785213078429906
747959544791062978804466857755
404907138848208843626216343857
547210945097151612420528872545
683692837627525546529478955187
733759165219200277991115117014
487008155800219451209722103569
122699866632194715444883529406
773083066577600798223139992695
378510845172578890884282424152
454305290644409069355133473751
728269733710245360679683900863
549870148806241030627361138985
455938461276880051677371639396
765732414506723057377268540495
315196061888036514808980073044
127966444353754347094997246781
768466843807093220687861667789
146771177849171938974115861396
900100639279447552598549560545
43581394897610934382914957584
153139402683265871396435597371
671823233074248802849488877924
931022509230439551417540927165
407263187069655975902733798467
640312724696225388626677469291
779534767454097340331070214824
458307546220227837333653352797
872308132949399290415124370141
504048433919658169901593869392
654524475220589181398435242267
94295549793380145761777247458
126130741029762135843214044199
320884740199393868417696227509
886926739231264934214405012786
684774374190931314774065792732
411063793470493183107846351584
551021131945137796276862959341
194416483844025144273628892908
731535655876567182809967485760
377357492958157584445675002470
486806592102147332079931660109
264594255245354832265439516109
500777480694373552048939208668
86643072867503516310537895722
948603793101803164374970682052
169687470914164333970808747669
660087276942574709359861181973
51859863816519860475069517551
365578510435576296903956001670
144347576809748835100051405029
548196409663076015064120362223
485320012751860644218222518046
107579138983291092478551066149
910374686688891722997557969815
415147361576525903804099892738
87267116121448595499241959844
170936268917073035929963450771
144224960075471115982986464129
530678588220191364368666556688
755573035636978541783466461365
276837367193714662456031418165
743719089826629772991958551061
538045125737866850663512171740
846142670005660402849075968677
648376818672753523457011538507
44396491479441309869525574704
870489921483668186108779826385
94628541563198581443591486086
187921640733663725116216125199
100792840198733744935491507711
221386399307298642269536460108
193677195584547830952400326906
781834293099732979041112465291
314160072448808602290295806674
36980060657591639290600222096
537183320638178854982974952193
280158059092080432509540597784
596281703936969901081261652490
558877729488811002819354278515
58637151625192956764872583378
419604141138103635063841134350
778369526223641208062891674974
368862421332791756062652621297
593790618900410166265192164117
436675377551909358357673312656
216018253910048559686018586148
811005963629039853076612580057
562124179894237751092168176552
464525668466933007790291599628
324774669823210885185636506211
169813573015986379465394837
725327675782295449165887734825
755217015260136610046251179662
714778998023151157367236066925
205765194226663788512737535835
459992982022471420398294979112
478732717640753140486820527213
290905938624235237286919308602
315278623483029554025857741797
144918523239517615444709328724
395361248645504671021963768368
546259135036504277858801373331
221674156861259197789566129881
717828424466263692054269733626
19394956634263659695567554941
110376036165259764871863484285
324939320246167618526679998434
394383744355434847233966626426
359519096492446827263161995616
511311060200823920322962224823
429282867473632430604729540669
253638935468564811555681064173
937253334918882021716723841474
576139244215425947488116385900
826449159621783654012082067428
332390057540031316246538277632
363871435283350519490109842928
252732631314679306054239294297
845655858610608449184668786684
130486322685466092374232629653
418516235918158835119909357185
569194006345922996458256730171
508792058312877341784126320812
686062907940921578416121028748
32643685632531427667084729651
546371691062203066024654380910
548018388237931128587193055993
746001180428924311700745820026
857753850877581184955544074041
686803154306100557534692217934
31115053988671341856939826674
365081903023062692315264672743
523331859679827496847530729312
400478905352455156227488002455
604492455658899072567499677344
492214137540990798691765746264
835714030676545418879671106049
370162926051011160042110657971
458970709801401100141762801735
938059958338533277704666801401
467540298450415339541685769127
641187947121748677248915474490
682096666639835297459450590326
361766702799499998545465621372
14324060717734368143569164317
896213746335048092455558271911
768493804603737202227865407688
852820652599349322593999580775
493148428769454503162016670238
243130972323024506087701853279
67248494496951768455410115906
259106048935131616217640080989
439408352489741519916331835431
948318774052800999453998731071
779217040589839613199757428714
704451273524883966514249990769
945995617339161231074803313174
399084968399939491833922994391
631083558196342255839828313964
515494486960590170701350519241
476465950018972332306386570983
229299938214821308264809476541
250483268745749395228440446332
750927200878878016461289917988
36593366714197746801619493330
236830300080076354795971525968
500909487301534580802660914882
309368402717659434959086947742
347067721682059281803083247237
333393892886214014813847771176
905750499978034315838264065794
677743751604652953163072843746
561712094096916702590211013004
526558538336432551975633389780
90924709314272933767520135646
453063957562471147621027973945
194007883141317345967225904113
617011187501690973795849878235
699302987364983070581044761418
152748278845909067931679358108
692043482187360627470968093991
643358501149182610542954882334
127282934783646675937341296503
718715268637469937176989419857
772278397844717548745988965645
761293375278982003616054137192
505696150243174361396876395755
169195034902763626309298486243
29993429471897936441135409798
69092331189325160109826112232
27360919015015684428371902514
543262418885199247773593427014
102565818080609986416257561716
568406439249282783324146511718
638382461915173796902492237675
321817292701981878186446912074
578590665712311319766713116297
477083622422562912575893582444
918008996890545980113568744827
46919026952277643263540327547
813194201303093700086904053606
823402926474774923773511898151
476410017218039351633798140062
889759173587607143389264020631
599828681382356912176437006522
869271203983350410170861301120
714022176979827649642899605645
207935347718453029275845228496
765612567995430317078155868532
819696967048487997889534399603
227766086958754377913117121477
771759952464427794266656995232
491898499655815754746566142882
280466971021908276870607912341
169310371835839085434099637555
258192372406677611008073075675
151417753539087377878168945290
947855047587193309566492018387
754891484305994591390415166289
734136061922053466345788220000
526846671608952809488653296787
118489118855128932353956969677
259779271151565765555937446796
942228574737428790814313190508
653970147813749974633819273607
195322729632037209786422265443
169193072452422560383497562360
864553019434509707253759077481
609027693136566603749784981757
786839770488357652855796054608
391804239993855522729527386486
370037702422189382220265711729
578541945779484034618754729344
370138241343575411914143969371
451361293117582110530905216810
129891838361329275428657455357
43285312986710626612803330797
738027511171470096062592248855
609562088250135346431986542006
184617265123374199287338864989
775847879121215110105882965592
816478834111327425440366684006
4103317374816325986475411347
437556803591480587215503688688
945995617339161231074803313174
278202262477402541656128205426
201520062696154133683039135591
381242911624676471227594729926
408213526255112550370138059969
669578973284939365533367931063
516927619077266915748459982655
153085763158244508640613711681
560653209557239461307568105376
661337284659904650361745916882
925517519089016589558050235634
863326920725617556118648142231
887643908624313462760006102205
675553808285400789083718121892
787551204750035357390067430417
677066290338341049471773223936
68501755520579316301506299104
89073409770073584072548766333
196433856882003096575470066552
614195787109370657320718850920
835747195632749874589394502862
36105597948665978305626072415
2435530441555418719910332413
43937927886044576951441990159
222469223965941991928784613762
83723183262485330763144344595
251496103145846719371357789063
222375212963985337230299825959
331868374477059239565553846096
470170175384488372694205417507
244319329684724032780088842092
274575549053884479278663882077
397976119936573125611055057755
425783905582847501275515963666
755747076977194798295585873481
414441375136545676970849582960
757519350009140406806227831441
545234158231581108233764360445
755008670276892054638241307766
88767347120888773079562991550
333156609731007535360311539254
346284540410728121445680544596
140644062486217275686664114401
752512474736101700170598577942
594759650092324446749364928565
710781833761703085050562568502
450597975967317167814627630661
827137783894421876542057145534
635871661014684561409131878808
819461057192677982637796463601
583933291378610058723417386927
798949595350545549180350308502
745179962999789724244904551675
619118945274231043096444950365
814027077927366389125306480463
880240383729462716157690083070
228810403634460444709614463398
604589947511121118858123505788
856112779189110945410961464062
489953570276477469636930485362
446240470349144776493666265528
179909693365698703676038675196
557749316292327051741594895332
687990802705138813547089656743
350385709866136692549161339703
393085253690294071787974149465
442301104822509243477065157779
573214337041991106837075125510
758503094463490377143014087828
221678039212666254234887084954
723766437128210982202155552463
139239552135636515927822772291
858054997115151002044484467931
29040188111188450053060019546
721074938892810410847230792398
123138043672281221267644605823
733038614182523292620190676753
392598760154012552356249411060
131352960857641266571462629200
697637945611083065666562301242
265753273356413127885882498272
644312696988135107551037776667
616779283047631138212835347505
225471081928892599419245983945
304221711306076771627351033725
733038614182523292620190676753
495173526055614058005269860065
820103093258823026202982138311
501915101058338173952616454781
251234364166761878131652830070
573867521048366533282797014110
818494685970034127239129559672
592382190984384717616908863136
558604776204406469730849014603
188098989233750724722445848698
384939000550823429108136536997
783778907642034924823911789988
741679323551528623339176053849
394983882911395845881905770988
589204160953461213035847884249
710185331397637289394622821226
544794633261174015752331054362
25663903423714268877947741939
172246479861933096449970874356
644312696988135107551037776667
479216185120984506843654829991
394498524722378409923346585425
407562822068301998687432257134
636360776476905759058287846426
836575344685127117838817951438
396830674499944191976538050450
389571028482317059083430269222
73784300683621696218308103399
30603337343209073457902338068
79339446867660429756097090397
298923739853272941931472394775
922952641877822104445496461696
913612513831941303451155420320
251601253154103922328022436268
392202128250319507971913997378
720671453284955155250902143995
106990452857195000090449103963
406092472117544036210349567318
517744071600007933520504844942
833795316749818481807537745253
103122766487481853820475405046
399084968399939491833922994391
845111522475554967912518625529
579782191059306697120187190913
841517342807544071011968758804
15307102540151506568315736528
789145844234295933298617881158
80538304799684050379264363547
848211141970143360836331833310
494224785850368428120228760982
850283566899920663960579970243
315666958146533759394275273743
905199046642402198400755736197
856476815596377513041400593646
615569599884008060582276355604
860701471603054381264250569173
822805715062879596258406917647
342971777778238483481213725698
681307403630036556475707059337
820764150014974974988613178574
221490821735426927069597046602
590798782724048095253987501696
487269381315357416030819802426
108106878877103508300568707332
259103577309984300485188268022
95637771809902648868371261120
13658385896647168654435857417
746243259497076387964390733683
558364426215273919993289557344
82677729238888365074504363760
747072520033239137799943764855
531455455099653111649876907839
644941794577832209637881245682
266895539738822220550191799570
352416613455612371913001248852
924059339756064078251623364550
156024866090946655257119438445
487084792749138206382290510370
881987064742013112676352824757
424386525515165699979738018848
25019156166816875490904906871
707907790825413452892131067042
729898145287091125475401791905
483618175089914647116778835446
68168569678978367166200301655
624567294228765529953713593974
401465168194026605758083597240
582563616027693437851353736421
914098623698448862138538289292
297434867585144154319197291370
381049295848237108606434060193
576803800155038263530112998066
11269020850186068438349593297
791885686925904153398345664365
80857965177548497293622464381
406244871612785796232858442380
327605801649705441539172440156
776357307449861986202454297678
275442770065723064545228533130
869062816148015048468914187439
568165879494547577419077976484
420147792833299023092693964304
724249551092486518754675974989
215759247680753402303138411429
130830883101147534712021443933
164991290344671511845555956712
604736295703948058536165183618
724752125463578545162581083792
836732034291981607154111837396
371549542437563690499249177300
274738111125462405119040357235
573137362700463269777559495097
734662957037547241325776707001
17020168201581791314777450355
121805311824884518625127071140
231616383513142539390627099507
745589471084139338146145826692
680105500701579175128676738155
104576810920385501264805896908
499116069874587270067515947449
69716671847293482704692597725
796876615619920469638140865552
439982549899257576446209854156
274238496076845609267308536207
224667101530797123100623726523
31030075190016563692927250162
724209330068891897273987294972
287160299805050038195852644966
144054346165035396215316206052
788183507620347464137412380970
333781004509657294101883058612
447160595900661134803361625917
946063929239608233081778311409
63048919802179225158105379170
324571208744275169026216848533
652235888534409384612077622693
494719795856795537899067236562
385086261191790812110304412677
845260596909647287385607408334
303494794392141957517824181171
111321144775622171950731981269
160245117197064130574765022011
324800594250907804988774344690
866207060048057682832602307556
451136809789964879384334923053
946742184826495909490666188701
899290086848703326594367905621
422888498475637145659887037065
471138350030654587626883645293
567474629238508578120288997620
753021532963961483467552898051
374765381365542461476950004130
900654292051317748022528027428
711407577517263410783632319069
164118119143372904897596442157
451337347132506959717878980113
533093345261431167469012166679
229894154017011288222143210404
538346615197225933999884339607
344206683262410194354161312117
248663552860670465978290328868
493336498292040125767194860259
904396041632327138330936389093
636595109167135325984874371096
433281082383663086588111268923
17989124212645980158428714174
451362424656152897407239494031
536307863716899866494688539633
848343960730685935672465921802
216793018715840050491768785031
777496493691010117195169868256
262619059597539942324284207484
842088330684446603169311978964
666519486186828733741471930894
540437579381500455433847985636
725392782904781208626782487802
180894769343789910771670712421
155992169756621799892237706438
534513937687908028855329018782
862712795199797460379666394358
15450717377557631996107288577
466019969966127859481743463707
931276930816189954975422926836
261322807765325700304232494058
606804306346934304437596914993
745510558989606652377440735075
514199900791607963687018198042
202117803595467093171143120582
264064421124653533764704330358
800850822686195475461517432726
827182337084058655697959887938
488008040850030042210649537660
268100588869684617329085881767
789124059813816471720362460
80334126096122814911871697281
801490655432395071170623255419
797244297893026563058265354827
828687065038668975706549773770
309933855410370815205883142756
751809792047382278230564235595
262505573039694280339357330171
374583365517918567022977315801
712401670778396702804745343268
44913361715350415131475069212
273394102219761621943098291835
804752132882179289258228006294
725184621344523012522293546865
928858109470216490859181665098
267771676940103980762462662300
770552994185365924265792390096
661781552105934152687514088881
250922789755104626601830665273
687879208098738996347193482255
451633643008607829054032185299
309749799699127421666315906214
397976119936573125611055057755
266693509191300399514870308935
408490591168876209497938941024
336706083483118808479910298357
465906768391622520281043841307
572004807023470042231238869292
90694862200881165034522475676
545055786937146398490388037423
601424222459860056089020388367
407052711935281475594026999873
905903735719913799786754847704
466378501242345719405116317293
456252110749983351922640666418
194492598606351683526802788352
715342116584912326933061106538
303275925448120525385325004783
103952711862222168373850715052
54935913008121629035621278640
618857822359349380167433758992
892006898275334446442891165414
237768175382137438263685105288
358334482719300201312292136863
547146131243968392300476198556
950189893930286840924196852667
579558904443565515868133506280
97589153991600560077328917371
933147632303199439379757571083
150031951199086360268339591727
643415252203341481999007829715
289765293790987223112264510708
338270332191867271760613023534
410835055791304055417706108047
475043102437139040089891437933
720296497049733500550222551077
513036450379572969112785519129
179172446021819154450692822596
814091921236230404883500915994
58304254851345508130831538964
24728033530258026810995454312
812352573296284114539171205404
792949315033353992818499193057
586378116105599508039480840558
155479329528558217247940423993
161062370072753775714757721680
203521568463305465015792976210
860554630835177486637793329761
35437528490550799288549926901
749470751463877212726103543007
871981125201083612706056344435
506992035308579181709669779692
185901459319267244393391601700
412704337187658732936698450857
677665037324342109241740009840
318535939516096906112330307504
176420520883910482171648774902
99700706334892114935446938833
946075373553644245832638560735
895078707992103288000845598958
552091785649720352440809279313
868042401723342044772382621240
235200519845261223897929170360
167235776404539588285118925487
232003688119552634752993790093
229241639351571528039019595857
255451910883634303268094595268
905153539868638268295830881213
84916685676618106393791869884
861317069991372345170245268104
568641092490204936462905397292
490119124777770026588509134877
864447314417166696958719435162
761821961771702204606519030513
297238364963576791371995694355
620539826757930704862053565208
632901077390300430804360813815
358149694671411374735658760462
770723872837598610554321997551
897554002189558708447541578546
702321658896972588134300130567
450963782692691670710972073331
214724508104272179543456633690
292841337417083328346085613646
218205835595300549069313834554
913698531764654358745209163412
502808703466435307431246430738
217769032324365921844703937454
55777553560410153203665662360
374510979163418364712008009401
176477483764954387910689052001
316968404481589761698517466175
694421535105625598292721023588
37899647938046744497765056820
743160661347444585316640071206
149606246092798065791749287921
426513244651961284489343899041
66178520375098333780379070832
760862735639858255337893676616
662394149681604042364854795272
593620141482794838811344418443
414200348624425432907263850394
183948580092717867392676967765
370604798671077530350339149150
823650208729441677694036872802
874232784110408611324924020294
436688573133349282512326801557
17302579664331686845849041702
917510158924640695636339660946
907245649773499780689580665903
386555863828293848999234324873
925332285585720701796620549119
870658641324244139501177101881
174523397563545518852939694304
174406127228580078123926582176
264366290094441346841432421783
852556658588383254889368543817
947154114577390822479715227629
845237354602273607800738876832
166560999634437481882151715137
749636821508307550213202959143
396240745845195929206164199956
186378656956365368686942721602
414822119627186750387458239243
214774319722218561786500225277
542933472716433980770188172096
216792957893101560446262431995
896559575951521417809133137911
227963031044066959327172857404
390399424688864005763458231113
96524812528774545366531427150
75467401275268653253291253560
841211832161344224358809890650
191880593313337332791430860103
82677729238888365074504363760
903302808412722836160282515746
27355725278437958205236211238
809956282372696093280798989533
86147998768542762021804548075
228606691033015737343771583045
716099886463351405585308023242
266578047622490877981813602474
165656026001735209888209187101
241407142530397538309784849084
921216757121306925521723112951
418516235918158835119909357185
25355617911109859932597024099
277944356017525299259556834400
688387995032169669294984086367
572998568055542948500900997679
39309791928335587529422747664
1720128807859892776547152026
400328005805023048672182648973
482533923064614503965540780332
518443045776257595591399342792
846725953144778624696816223672
243770952712886122122541123201
794334703210361523448493968432
747959544791062978804466857755
812791339354032834783711367548
199633587116492407733287141074
20504126973870743380485364117
824257502377384727924348654243
459647527866668729768776862460
891769670923039385826075696993
465626989535293927186604049305
923661166337326225692549558513
898377538507805987531340533675
161527529190648248373138169900
151604296852982002849021820062
753652633785449480433023910199
870819768284501269566527231304
874680418162357037547791354799
82329240850293118219280623059
478858671005208612993662924184
321719390813382009921879363389
802772688943017401053919284739
333741441130876241736348790316
188855518734800990411562987295
694227497319837644721763282533
249754187061794744560151767277
590913049470751938505155620761
516023018612892803353754462256
856425041058587683196807593023
296833953446522569381762486947
146814271610859796172764245772
301317072534723026360730954770
218348627641498509948888592426
624109782090361127254245066697
908636511134604595285150065626
237573619858032523022828349482
209538322105530478334546421300
77349190581636577816660368530
786054729520152842162103315083
949291241505242185023826212102
555109325030437242859980881380
685709314561052523122391839367
163340809152119670800183435601
949109471191376172848339882498
576548533260240392813341756965
311007725176895965392858355662
129084355851299708676610868441
460084772553669485824249466243
609063127825586169570624599610
151263910361484045778117180712
771328003842845568710885909761
217263687687385212228367711837
525778148502992756148720349493
532808203777206585977636293557
289596649018753962112948105838
120331851163053040261805138167
229073282657197758043894482009
198960668063424082023444780991
742923386628417305363689634957
